logic [15:0] l1weights [16] = '{
   -161,
   1666,
  -1686,
  -1507,
   -881,
    435,
    -41,
   2142,
   -182,
   1311,
   -333,
   -403,
  -1957,
  -1356,
   -844,
   -386
};

logic [15:0] l1bias [16] = '{
   1629,   712, -1388,  -892,  2159,  2280,  -421,   979,
   -330, -1073,  2390, -1900, -1289,  -518,  -798,  2742
};

logic [15:0] l2weights [16][16] = '{
  '{  -388,   -75,  -358,  -480,  -204,   575,   228,   394,    27, -1248,   201,  -478,  -370,  -264,   323,   231 },
  '{  -227,   -18,   327,   509,   203,    69,   343,  -301,    95,  -397,  -355,  -264,   232,   206,  -303,   155 },
  '{  -111,   267,    20,   119,   667,   399,  -395,    97,   201,  -557,   157,   452,   102,  -445,    47,  -739 },
  '{ -1748,   765,   389,  -511,    54,  -618,   -84,    75,   197,   539, -1045,   259,   367,   191,  -507, -1579 },
  '{   573,   140,  -399,  -295, -1949,   442,  -223,  -107,  -488,  -612,    73,  -395,   -28,    77,  -210,   684 },
  '{  -920,  1147,   351,  -432, -4022,    -2,    75,   782,   201,   646,  -482,   242,  -491,  -303,  -128,  -334 },
  '{  -179,  -420,  -109,   109,  -334,   -26,   367,   -53,    14,   -44,   104,   326,   485,   325,   486,   -37 },
  '{  -460,  -243,   349,    -3,  -254,  -392,  -479,  -432,  -104,   281,   277,  -494,   319,  -401,  -108,  -208 },
  '{   235,   -79,  -459,  -442, -2502,    94,  -233,   204,  -461,  -772,   928,  -209,   462,   185,  -462,   702 },
  '{   -59,  -229,   409,  -414,    55,  -107,   366,   143,   246,   181,  -123,  -108,  -422,   277,   407,   350 },
  '{   133,   -98,  -361,  -282, -1692,   214,  -305,  -134,    22,   -28,   129,  -351,  -297,   358,  -184,   880 },
  '{   609,   187,    -4,  -101, -2176,   100,    -4,   175,  -400, -1059,   911,  -416,   -37,   506,   185,   481 },
  '{  -953,   380,  -365,  -145, -4207,  -352,     6,   551,    64,   680,   143,  -324,   230,  -362,  -217,    83 },
  '{   169,   384,  -165,     1,   264,  -495,   370,  -423,     7,   -87,  -270,    68,   423,  -150,  -304,  -189 },
  '{  -841,   412,  -246,  -342,  1552,   358,   271,   560,   186,  -396,  -520,   151,   421,   139,  -242,  -789 },
  '{ -1337,   434,  -287,  -456,   247, -1720,   -58,   524,    16,   893, -2117,   408,    83,   425,  -172, -1168 }
};

logic [15:0] l2bias [16] = '{
     76,   -23,  -399,  -656,   471,  -346,  -115,  -316,
    662,  -381,   504,   166,  -669,    92,  -132, -1314
};

logic [15:0] l3weights [16] = '{
   -264,  -380,   152,  1645,  1004,  -578,  -420,   -79,
   1068,  -187,   716,  1582,  -584,     5,   412,  1681
};

logic [15:0] outbias = -588;
